Mean:

[[ 1.0030859   1.10346895  0.99997194]
 [ 0.85075955  1.42525719  0.83878538]
 [ 0.99101607 37.98080177  0.19568865]
 [ 0.59238247  5.58336394  0.52781588]
 [ 0.70111782  4.59502534  0.631708  ]
 [ 0.55954921 13.05971765  0.25479129]
 [ 0.8840782   3.26706187  0.8115583 ]
 [ 0.75733182 12.47596055  0.40999659]
 [ 0.34540173  5.93266538  0.19208294]
 [ 0.71062765  7.17127996  0.61833792]
 [ 2.30020568  4.85702264  2.24349012]
 [ 0.14749239  0.04503048  0.15009185]]
STD:

[[ 0.25879346  0.44448941  0.25755669]
 [ 0.29508866  2.89961219  0.28824311]
 [ 0.09446409 26.1833887   0.22616743]
 [ 0.26648062 12.6956945   0.26929597]
 [ 0.60031882  8.37969168  0.59080024]
 [ 0.25005038  9.36854462  0.25939193]
 [ 0.70137586  3.89862287  0.7099678 ]
 [ 0.50094744  8.56210016  0.45798512]
 [ 0.23497681  5.31335159  0.19681185]
 [ 0.63795381 15.09799014  0.6369431 ]
 [ 2.06911949  5.23778124  2.0739892 ]
 [ 0.19543772  0.1484517   0.19594031]]
